2023/12/13
11:39:15.31
2e-05
N,mm,ms
-5.5417,0.0,0.0
-10.792,-0.1670000000000016,0.01999999999998181
1.4583,-1.458999999999996,0.7200000000000273
-2.0417,-4.188000000000002,0.7400000000000091
-0.29167,-6.729999999999997,0.7599999999999909
0.58333,-8.521999999999998,0.7800000000000296
-1.1667,-9.447000000000003,0.8000000000000114
-3.5,-9.521999999999998,0.8199999999999932
7.875,-10.546999999999997,2.6000000000000227
2.625,-11.560000000000002,2.6200000000000045
7.2917,-11.993000000000002,2.6399999999999864
7.0,-12.384999999999998,2.7200000000000273
5.25,-13.097999999999999,2.740000000000009
5.25,-13.981000000000002,2.759999999999991
2.625,-14.735,2.7800000000000296
5.8333,-15.155999999999999,2.8000000000000114
2.625,-15.21,2.819999999999993
6.125,-15.377000000000002,3.519999999999982
4.6667,-17.002000000000002,3.5400000000000205
5.25,-18.356,3.5600000000000023
9.0417,-19.177,3.579999999999984
7.0,-19.677,3.6000000000000227
7.5833,-19.747999999999998,3.6200000000000045
74.667,-19.851999999999997,5.939999999999998
78.458,-19.923000000000002,5.9599999999999795
70.583,-21.069000000000003,7.5
73.792,-23.336,7.519999999999982
72.042,-25.361000000000004,7.5400000000000205
76.417,-26.857,7.560000000000002
69.125,-27.816000000000003,7.579999999999984
72.042,-28.153000000000006,7.600000000000023
-1.4583,-28.965999999999994,10.620000000000005
1.4583,-30.179000000000002,10.639999999999986
3.5,-30.641000000000005,10.660000000000025
-3.5,-30.823999999999998,13.259999999999991
-3.5,-30.986999999999995,13.28000000000003
-4.0833,-31.033,13.300000000000011
-6.7083,-31.391000000000005,15.240000000000009
-2.625,-32.391000000000005,15.259999999999991
-3.2083,-32.995000000000005,15.28000000000003
-4.6667,-33.037000000000006,15.300000000000011
-66.208,-33.821,17.660000000000025
-69.417,-34.575,17.680000000000007
-67.667,-35.037000000000006,17.69999999999999
-66.792,-35.187,17.720000000000027
6.4167,-35.724999999999994,21.980000000000018
3.7917,-35.974999999999994,22.0
4.9583,-36.208,22.019999999999982
4.9583,-36.417,22.04000000000002
3.7917,-36.745999999999995,22.060000000000002
3.7917,-37.083,22.079999999999984
5.5417,-37.20399999999999,22.100000000000023
6.7083,-37.242000000000004,23.160000000000025
5.8333,-37.242000000000004,24.69999999999999
7.5833,-37.29600000000001,24.80000000000001
7.5833,-37.617000000000004,24.819999999999993
7.2917,-37.870999999999995,24.840000000000032
4.9583,-37.913,24.860000000000014
73.5,-37.988,25.920000000000016
70.292,-38.604,27.180000000000007
66.792,-39.629000000000005,27.19999999999999
64.75,-40.388000000000005,27.220000000000027
68.833,-40.870999999999995,27.24000000000001
62.417,-40.913,27.25999999999999
31.5,-41.013000000000005,29.54000000000002
26.542,-41.58,29.560000000000002
28.0,-42.021,29.579999999999984
25.083,-42.221000000000004,29.600000000000023
10.5,-42.584,30.19999999999999
3.7917,-42.92999999999999,30.220000000000027
0.29167,-43.309,31.78000000000003
-1.4583,-43.455,31.80000000000001
-1.4583,-43.834,32.19999999999999
-1.4583,-44.251000000000005,32.22000000000003
-2.625,-44.525999999999996,32.24000000000001
-1.1667,-44.592,32.25999999999999
-1.75,-44.617000000000004,32.28000000000003
-0.875,-45.212999999999994,32.60000000000002
-1.4583,-46.20099999999999,32.620000000000005
-2.0417,-46.801,32.639999999999986
-2.625,-46.968,32.660000000000025
-2.3333,-47.214,33.81999999999999
-5.8333,-48.089,33.84000000000003
-2.9167,-48.730000000000004,33.860000000000014
-4.6667,-49.126000000000005,33.879999999999995
-2.625,-49.221999999999994,33.900000000000034
-10.792,-49.547,35.68000000000001
-17.792,-49.772000000000006,35.69999999999999
-72.625,-49.926,37.10000000000002
-75.25,-50.018,37.120000000000005
-3.2083,-50.043000000000006,73.78000000000003
-5.25,-50.364000000000004,73.80000000000001
-3.2083,-50.846999999999994,73.82
-5.5417,-51.068,73.84000000000003
-3.7917,-51.318,73.86000000000001
-2.625,-51.581,73.88
-4.0833,-51.897000000000006,73.90000000000003
-2.0417,-52.068,73.92000000000002
-4.6667,-52.193,73.94
-1.75,-52.355999999999995,73.95999999999998
-5.25,-52.397000000000006,73.98000000000002
-1.1667,-52.41,74.0
-4.6667,-52.485,74.01999999999998
-1.1667,-52.681,74.04000000000002
-4.6667,-52.721999999999994,74.06
-1.4583,-52.81,74.07999999999998
-4.6667,-52.839,74.10000000000002
-2.3333,-52.893,74.12
-2.625,-52.989000000000004,74.16000000000003
-5.8333,-53.289,74.18
-1.75,-53.456,74.19999999999999
-5.8333,-53.69799999999999,74.22000000000003
-1.4583,-54.018,74.24000000000001
-4.0833,-54.355999999999995,74.25999999999999
-2.625,-54.556,74.28000000000003
-5.8333,-54.785,74.30000000000001
-3.2083,-54.998000000000005,74.32
-6.125,-55.093,74.45999999999998
-3.7917,-55.248000000000005,74.48000000000002
-5.8333,-55.32299999999999,74.51999999999998
0.29167,-55.456,74.54000000000002
-4.6667,-55.506,74.56
-2.3333,-55.652,74.57999999999998
-4.9583,-55.894000000000005,74.60000000000002
-1.1667,-56.081,74.62
-6.7083,-56.30199999999999,74.63999999999999
-2.625,-56.569,74.66000000000003
-4.6667,-56.923,74.68
-1.4583,-57.16,74.69999999999999
-4.6667,-57.281000000000006,74.72000000000003
-3.2083,-57.515,74.74000000000001
-5.25,-57.602000000000004,74.75999999999999
-2.3333,-57.769000000000005,74.78000000000003
-4.6667,-57.956,74.80000000000001
-1.4583,-58.36,74.82
-5.25,-58.658,74.84000000000003
-3.2083,-58.918000000000006,74.86000000000001
-6.4167,-59.168000000000006,74.88
-1.75,-59.298,74.90000000000003
-4.6667,-59.358000000000004,74.92000000000002
-4.375,-59.378,74.94
-3.7917,-59.55799999999999,74.95999999999998
-3.2083,-59.598,74.98000000000002
-2.3333,-59.628,75.0
-5.25,-59.668000000000006,75.01999999999998
-0.58333,-59.818,75.04000000000002
-4.9583,-59.837999999999994,75.06
-1.4583,-59.94799999999999,75.07999999999998
-4.6667,-60.168000000000006,75.10000000000002
-2.0417,-60.208,75.12
-5.5417,-60.238,75.13999999999999
-6.125,-60.328,75.18
-3.5,-60.428,75.24000000000001
-7.0,-60.44799999999999,75.25999999999999
-3.2083,-60.498000000000005,75.32
-4.9583,-60.528000000000006,75.34000000000003
-4.6667,-60.628,75.36000000000001
-4.0833,-60.727999999999994,75.38
-6.4167,-60.798,75.40000000000003
-7.875,-60.818,75.44
-4.0833,-60.94799999999999,75.45999999999998
-6.7083,-61.028000000000006,75.48000000000002
-5.25,-61.038,75.54000000000002
-5.25,-61.038,75.56
-6.4167,-61.048,75.57999999999998
-5.25,-61.138000000000005,75.60000000000002
-4.0833,-61.208,75.62
-7.0,-61.248000000000005,75.68
-11.958,-61.288,75.69999999999999
-29.75,-61.378,75.74000000000001
-30.917,-61.438,75.75999999999999
-39.958,-61.44799999999999,75.78000000000003
-47.833,-61.477999999999994,75.82
-49.0,-61.528000000000006,75.84000000000003
-58.042,-61.578,75.88
-60.958,-61.578,75.90000000000003
-63.875,-61.598,75.92000000000002
-72.042,-61.617999999999995,75.98000000000002
-79.625,-61.628,76.04000000000002
-83.708,-61.647999999999996,76.10000000000002
-85.458,-61.678,76.13999999999999
-83.417,-61.748000000000005,76.18
-86.042,-61.748000000000005,76.24000000000001
-81.375,-61.778000000000006,76.25999999999999
-83.417,-61.788,76.28000000000003
-78.75,-61.788,76.32
-81.958,-61.818,76.36000000000001
-81.667,-61.858000000000004,76.40000000000003
-82.25,-61.858000000000004,76.42000000000002
-83.125,-61.858000000000004,76.45999999999998
-77.292,-61.928,76.48000000000002
-76.417,-61.94799999999999,76.54000000000002
-80.208,-61.94799999999999,76.68
-75.833,-61.94799999999999,76.69999999999999
-81.958,-61.958,76.75999999999999
-82.833,-61.968,76.82
-77.875,-62.007999999999996,76.84000000000003
-78.458,-62.007999999999996,76.90000000000003
-74.375,-62.018,76.92000000000002
-78.167,-62.028000000000006,76.95999999999998
-70.0,-62.117999999999995,77.06
-64.75,-62.117999999999995,77.34000000000003
-70.583,-62.128,77.45999999999998
-67.375,-62.128,77.54000000000002
-70.875,-62.147999999999996,77.63999999999999
-62.417,-62.147999999999996,77.84000000000003
-60.083,-62.158,77.98000000000002
-60.083,-62.168000000000006,78.06
-59.5,-62.168000000000006,78.12
-60.958,-62.178,78.13999999999999
-59.5,-62.188,78.19999999999999
-59.792,-62.188,78.24000000000001
-62.417,-62.208,78.28000000000003
-61.833,-62.218,78.42000000000002
6.7083,-62.218,84.51999999999998
7.2917,-62.248000000000005,84.57999999999998
5.8333,-62.257999999999996,84.62
6.4167,-62.257999999999996,84.90000000000003
6.125,-62.257999999999996,84.92000000000002
9.3333,-62.288,84.96000000000004
7.2917,-62.288,84.98000000000002
8.75,-62.30799999999999,85.04000000000002
7.875,-62.348,85.12
5.8333,-62.348,85.18
6.4167,-62.378,85.25999999999999
7.875,-62.378,85.40000000000003
5.8333,-62.378,85.46000000000004
7.2917,-62.408,85.48000000000002
7.0,-62.408,85.51999999999998
9.3333,-62.438,85.54000000000002
8.75,-62.44799999999999,85.62
11.375,-62.458,85.68
18.958,-62.477999999999994,85.69999999999999
37.917,-62.518,85.75999999999999
51.625,-62.528000000000006,85.82
70.0,-62.538,85.92000000000002
76.708,-62.548,85.98000000000002
75.25,-62.578,86.04000000000002
82.833,-62.617999999999995,86.10000000000002
84.875,-62.647999999999996,86.25999999999999
84.875,-62.647999999999996,86.40000000000003
81.958,-62.668000000000006,86.42000000000002
84.292,-62.727999999999994,86.48000000000002
70.292,-62.727999999999994,86.88
67.083,-62.727999999999994,86.90000000000003
66.208,-62.738,86.92000000000002
64.75,-62.748000000000005,86.96000000000004
62.417,-62.768,86.98000000000002
56.583,-62.768,87.12
58.333,-62.768,87.16000000000003
57.167,-62.788,87.22000000000003
55.417,-62.798,87.32
57.75,-62.80799999999999,87.36000000000001
59.208,-62.80799999999999,87.42000000000002
61.542,-62.80799999999999,87.48000000000002
65.625,-62.80799999999999,87.54000000000002
65.042,-62.80799999999999,87.56
69.417,-62.818,87.57999999999998
68.833,-62.828,87.62
66.792,-62.837999999999994,87.66000000000003
69.417,-62.837999999999994,87.72000000000003
67.667,-62.837999999999994,87.75999999999999
67.958,-62.837999999999994,87.80000000000001
63.875,-62.848,87.88
66.208,-62.858000000000004,88.01999999999998
62.417,-62.878,88.10000000000002
62.417,-62.897999999999996,88.32
7.0,-62.897999999999996,90.40000000000003
-1.1667,-62.897999999999996,91.30000000000001
1.1667,-62.897999999999996,91.32
-2.0417,-62.928,91.34000000000003
-3.7917,-62.977999999999994,91.38
1.1667,-63.068,91.40000000000003
-1.4583,-63.208,91.42000000000002
0.0,-63.418000000000006,91.44
-2.3333,-63.688,91.46000000000004
0.58333,-63.968,91.48000000000002
-1.4583,-64.288,91.5
0.29167,-64.628,91.51999999999998
-2.3333,-64.958,91.54000000000002
-0.875,-65.30799999999999,91.56
-4.375,-65.658,91.57999999999998
0.58333,-65.938,91.60000000000002
-2.625,-66.278,91.62
-0.58333,-66.658,91.63999999999999
-2.625,-66.968,91.66000000000003
0.0,-67.268,91.68
-3.2083,-67.628,91.69999999999999
0.0,-67.918,91.72000000000003
-4.6667,-68.228,91.74000000000001
0.0,-68.548,91.75999999999999
-2.0417,-68.868,91.78000000000003
-1.1667,-68.868,91.80000000000001
-2.625,-68.918,91.82
0.58333,-68.938,91.84000000000003
-2.625,-68.948,92.12
-1.1667,-68.958,92.34000000000003
-1.75,-68.958,92.44
-2.9167,-68.958,92.56
-0.29167,-68.968,92.98000000000002
-5.8333,-68.968,94.40000000000003
-6.125,-68.968,95.40000000000003
-6.7083,-68.968,95.46000000000004
-15.458,-68.968,95.69999999999999
